[[295.11480713 294.71383143 294.31285573 ... 286.67913972 285.91008073
  285.14102173]
 [294.74705182 294.50644704 294.26584226 ... 285.83177214 285.07597697
  284.3201818 ]
 [294.37929651 294.29906265 294.2188288  ... 284.98440455 284.24187321
  283.49934187]
 ...
 [302.10559421 302.99335163 303.88110905 ... 313.9131083  314.07085296
  314.22859762]
 [301.8565233  303.17395119 304.49137909 ... 313.80283495 313.96583006
  314.12882518]
 [301.60745239 303.35455076 305.10164912 ... 313.6925616  313.86080717
  314.02905273]]